Date,Time,Transaction Type,Details,Reference,Amount (MWK),Balance,Category,Timestamp
31/05/25,3:50 AM,Money Sent,YOHANE MHANGO,PP250531.0950.B90638,5000,5040.22,Income,2025-07-07 01:32:19.045643
31/05/25,3:50 AM,Money Withdrawn,GEORGE SIMWANZA,CO250531.1627.B79943,-4660,380.22,Income,2025-07-07 01:32:19.045643
1/6/2025,01:06/25,Money Sent,DATABUNDLE AIRTEL,MP250601.1747.A68167,-100,280.22,Income,2025-07-07 01:32:19.045643
1/6/2025,01:06/25,Money Deposit,YUSUFU MALICHILAITI,C1250601.1758.H37576,155000,155280.22,Income,2025-07-07 01:32:19.045643
2/6/2025,2/6/2025,Money Sent,DATABUNDLE AIRTEL,MP250602.0637.D37953,-100,155180.22,Income,2025-07-07 01:32:19.045643
2/6/2025,2/6/2025,Money Withdrawn,ANDREW KATONA,CO250602.0940.A61914,-154100,1080.22,Income,2025-07-07 01:32:19.045643
3/6/2025,3/6/2025,Money Sent,nathan bvumbwe,PP250603.1711.Y00015,-1015,65.22,Income,2025-07-07 01:32:19.045643
5/6/2025,5/6/2025,Money Deposit,FAZAI GAMA,C1250605.0832.I80687,3000,3065.22,Income,2025-07-07 01:32:19.045643
5/6/2025,5/6/2025,Money Sent,YOHANE MHANGO,PP250605.0844.D31619,-3030,35.22,Income,2025-07-07 01:32:19.045643
6/6/2025,6/6/2025,Money Deposit,YUSUFU MALICHILAITI,C1250606.1414.L52552,3000,3035.22,Income,2025-07-07 01:32:19.045643
6/6/2025,6/6/2025,Money Withdrawn,malamulo Philip,CO250606.2016.H62526,-1980,1055.22,Income,2025-07-07 01:32:19.045643
7/6/2025,7/6/2025,Money Deposit,malamulo Philip,C1250607.1335.H76938,3000,4055.22,Income,2025-07-07 01:32:19.045643
7/6/2025,18:50 PM,Money Sent,PAWAPAY PAYMENTS,MP250607.1850.157513,-1200,2855.22,Betting,2025-07-07 01:32:19.045643
7/6/2025,18:53 PM,Money Withdrawn,GEORGE SIMWANZA,CO250607.1853.177370,-888,1967.22,Income,2025-07-07 01:32:19.045643
7/6/2025,19:05 PM,Money Sent,PAWAPAY PAYMENTS,MP250607.1906.L56640,-800,1167.22,Betting,2025-07-07 01:32:19.045643
7/6/2025,19:24 PM,Money Sent,PAWAPAY PAYMENTS,MP250607.1924.166554,-1160,7.22,Betting,2025-07-07 01:32:19.045643
13/06/25,17:42 PM,Money Deposit,CHIFUNDO KAMETA,C1250613.1742.L90066,20000,20007.22,Income,2025-07-07 01:32:19.045643
13/06/25,17:57 PM,Money Withdrawn,FOSTER MSUKU,CO250613.1757.G98945,-19720,287.22,Income,2025-07-07 01:32:19.045643
13/06/25,23:24 PM,Money Sent,PAWAPAY PAYMENTS,MP250613.2324.i52948,-285,2.22,Betting,2025-07-07 01:32:19.045643
14/06/25,17:53 PM,Money Sent,YOHANE MHANGO,PP250614.1753.i65873,5850,5852.22,Income,2025-07-07 01:32:19.045643
14/06/25,18:52 PM,Money Withdrawn,FROLENCE NKHAMBULE,CO250614.1852.B05818,-5010,842.22,Income,2025-07-07 01:32:19.045643
14/06/25,18:56 PM,Money Sent,PAWAPAY PAYMENTS,MP250614.1856.B16282,-840,2.22,Betting,2025-07-07 01:32:19.045643
17/06/25,8:35 AM,Money Sent,FRANCIS MISAPO,PP250617.0835.Y96853,2080,2082.22,Income,2025-07-07 01:32:19.045643
17/06/25,8:56 AM,Money Withdrawn,GEORGE SIMWANZA,CO250617.0856.139551,-2080,2.22,Income,2025-07-07 01:32:19.045643
17/06/25,9:11 AM,Money Deposit,CHALEEKKA MNYENYEMBE,C1250617.0911.H42206,10600,10602.22,Income,2025-07-07 01:32:19.045643
17/06/25,11:09 AM,Money Withdrawn,GEORGE SIMWANZA,CO250617.1109.i58885,-10600,2.22,Income,2025-07-07 01:32:19.045643
19/06/25,9:50 AM,Money Deposit,YUSUFU MALICHILAITI,C1250619.0950.194714,3000,3002.22,Income,2025-07-07 01:32:19.045643
19/06/25,11:23 AM,Money Sent,MEMORY GONDWE,PP250619.1123.i85607,-748,2254.22,Income,2025-07-07 01:32:19.045643
19/06/25,12:44 PM,Money Sent,PAWAPAY PAYMENTS,MP250619.1244.H28860,-674,1580.22,Betting,2025-07-07 01:32:19.045643
19/06/25,13:18 PM,Money Sent,PAWAPAY PAYMENTS,MP250619.1318.D34138,-1000,580.22,Betting,2025-07-07 01:32:19.045643
19/06/25,13:22 PM,Money Sent,PAWAPAY PAYMENTS,MP250619.1322.D34597,-580,0.22,Betting,2025-07-07 01:32:19.045643
21/06/25,10:27 AM,Money Deposit,YUSUFU MALICHILAITI,C1250621.1027.Y22871,3000,3000.22,Income,2025-07-07 01:32:19.045643
21/06/25,11:12 AM,Airtime Purchased,TOPUP,RC250621.1112.A16501,-1500,1500.22,Bundles,2025-07-07 01:32:19.045643
21/06/25,11:13 AM,Airtime Purchased,TOPUP,RC250621.1113.A16683,-1000,500.22,Bundles,2025-07-07 01:32:19.045643
21/06/25,11:15 AM,Airtime Purchased,TOPUP,RC250621.1115.A16685,-50,450.22,Bundles,2025-07-07 01:32:19.045643
21/06/25,11:18 AM,Airtime Purchased,TOPUP,RC250621.1118.A16799,-200,250.22,Bundles,2025-07-07 01:32:19.045643
21/06/25,11:23 AM,Money Sent,PAWAPAY PAYMENTS,MP250621.1123.A38272,-250,0.22,Betting,2025-07-07 01:32:19.045643
25/06/25,13:14 PM,Money Deposit,YUSUFU MALICHILAITI,CI250625.1314.G32740,21000,21000.22,Income,2025-07-07 01:32:19.045643
25/06/25,16:15 PM,Money Withdrawn,GEORGE SIMWANZA,CO250625.1615.B62674,-20250,750.22,Income,2025-07-07 01:32:19.045643
25/06/25,17:00 PM,Money Sent,PAWAPAY PAYMENTS,MP250625.1700.C18202,-750,0.22,Betting,2025-07-07 01:32:19.045643
26/06/25,11:47 AM,Money Sent,YOHANE MHANGO,PP250626.1147.I24822,5000,5000.22,Income,2025-07-07 01:32:19.045643
26/06/25,12:14 PM,Money Sent,YOHANE MHANGO,PP250626.1214.D27361,-3040,1960.22,Income,2025-07-07 01:32:19.045643
27/06/25,14:14 PM,Money Sent,PAWAPAY PAYMENTS,MP250627.1414.C87292,-880,1080.22,Betting,2025-07-07 01:32:19.045643
27/06/25,15:57 PM,Money Sent,PAWAPAY PAYMENTS,MP250627.1557.E97843,-1000,80.22,Betting,2025-07-07 01:32:19.045643
